-0.11822929
0.40112382
0.13757099
0.44013423
-0.021593504
0.12061845
0.061580505
-0.014335235
-0.15855765
0.0065570264
0.037477113
-0.091940135
0.09568423
-0.23282154
-0.021654442
0.05999994
-0.094049014
0.13159385
-0.1224137
0.018766236
-0.023504311
-0.052359752
0.120892964
-0.013972973
0.264304
0.052306857
-0.1347602
0.03129335
-0.023781754
-0.101704285
-0.06865468
0.15717565
0.0833693
0.12017919
-0.1347602
0.025378063
-0.077633165
-0.019571535
-0.08800994
0.06280276
0.06494411
0.10801588
0.013156264
0.033701483
0.019616114
-0.09699326
-0.049221065
0.2855065
0.17450012
-0.27695262
-0.08034142
0.150552
0.10830627
-0.03410054
0.120892964
0.077451624
0.21306081
-0.21993928
0.021057457
0.06681506
-0.06865468
0.2855065
0.28253934
0.1416454
0.22787274
-0.027670315
-0.090704836
0.17213194
0.21154997
0.03943988
0.028303254
-0.10108015
0.043528922
-0.18659462
0.046635643
-0.16492704
-0.10276015
0.1561245
0.21641305
0.16143031
-0.19863197
-0.10180024
0.1883183
-0.3175992
0.012305026
0.19189416
-0.10407853
-0.055869058
0.039704133
0.061798237
0.048001472
0.12798877
0.12933941
0.12322638
0.3094049
0.024169821
0.5452449
0.024979223
0.13846184
0.022357883
0.009332614
0.16109298
-0.039374184
-0.33273295
-0.1309992
-0.06865468
0.04838936
-0.015248175
-0.32919466
-0.064931765
0.28177154
0.045793653
-0.010635452
0.2518065
0.0056772204
0.39727443
0.056653127
-0.100174375
0.1342236
-0.07351463
0.36258608
0.047325578
0.14535156
0.20835821
-0.0036154604
-0.18768917
-0.010861883
0.044542845
0.051800296
0.2287991
-0.012738306
0.0619469
-0.027131576
0.25814885
-0.12681466
0.1068803
-0.082389526
0.064800575
0.30110246
-0.16170818
-0.028897243
0.0037707242
0.005192438
-0.07587053
-0.08826624
-0.06678167
0.077831544
0.012746348
0.25622302
0.022777272
-0.20215604
-0.242052
-0.098735556
-0.100381896
0.019616114
-0.09964991
-0.042839754
0.30768165
-0.14101589
-0.12681466
0.23134978
0.11516908
-0.10451533
-0.057205983
0.16975237
0.0042582387
0.23478395
0.22549549
0.14263591
-0.0016898332
-0.05729092
-0.04267773
-0.1924716
0.018446982
-0.20319219
-0.07346442
0.14447272
0.074101046
-0.030091638
-0.16875361
-0.052863896
0.23134978
0.16376263
-0.43771195
-0.0664623
-0.0046185623
-0.06378696
-0.26875907
0.03402214
-0.025797507
-0.067809485
0.10851909
-0.09699326
0.055784985
-0.16271722
0.0055572214
-0.027288178
0.06882588
0.016309464
-0.26493722
-0.073506564
-0.012522648
-0.28389177
-0.0105897505
0.101441324
-0.18768917
-0.018749915
-0.32919466
-0.026475906
-0.023376372
-0.215548
-0.03119324
0.10851909
0.08140067
-0.02749096
0.034671366
-0.15963463
-0.15963463
-0.02026422
0.16219239
0.11318444
-0.18413383
0.060975425
0.11462598
0.16645715
0.42239845
0.04342874
0.012965745
0.19874232
-0.06558507
0.046578087
0.21224672
-0.22640224
0.0065570264
0.037477113
0.042219467
0.036130697
0.006707212
-0.02150683
-0.026204836
-0.1347602
-0.016571559
-0.01865609
-0.037613716
-0.037613716
-0.05725921
0.023081344
-0.036691237
0.076244995
-0.023058843
-0.12218931
-0.006436296
-0.12474509
-0.1778538
0.012746348
0.25622302
-0.0030412055
-0.006627475
0.22549549
0.14621674
-0.01865609
0.06389618
0.054615833
-0.29971558
0.120256126
-0.022419529
0.017737255
-0.18413383
0.07057258
-0.047014184
0.16076732
0.02101107
0.0060038036
-0.14555837
0.06574032
0.26111394
0.094977774
-0.09699326
0.06888344
0.016309464
-0.18768917
0.058060512
-0.38267246
0.07974796
0.32435355
0.10367704
0.070099995
0.12337106
-0.17190671
-0.10542306
0.052156962
0.21769534
