0.07145136
0.009958682
0.1192446
0.060304467
0.23907042
-0.017488217
0.11375309
0.1045337
-0.020278487
0.11141799
0.055451002
-0.00960176
0.14221607
-0.061476897
-0.055337444
0.053746656
-0.09699326
-0.049221065
0.2855065
0.31928682
0.22787274
0.17565201
0.108063444
0.039109405
0.36258608
0.12608975
0.23350812
0.16579077
0.3703977
0.02594433
0.3022842
-0.032525674
-0.091603905
-0.091603905
-0.02916908
0.3024704
-0.16749573
-0.10523258
0.07139771
0.053746656
-0.018201482
0.15579727
0.2855065
0.04010656
0.074266195
-0.123616815
-0.041120835
-0.16492704
0.120892964
-0.17872252
0.13851918
0.018607948
-0.051918413
0.01480509
-0.10657771
0.05450469
-0.21879975
0.018446982
-0.019837562
0.16286743
0.052435007
0.109748185
-0.020163164
-0.0973688
-0.04447545
0.06233205
0.45620522
0.30873242
0.07090096
-0.15957522
-0.013040629
-0.12168696
0.49839395
0.1173785
-0.0597382
0.17480226
-0.14542183
-0.14246206
0.13215955
-0.032110635
-0.07163985
0.05062116
0.45050177
0.004965031
-0.005761317
-0.13178982
-0.2684162
0.018477477
0.1764863
-0.14416803
-0.014514056
-0.120972596
-0.012522648
-0.28389177
0.12952673
0.06982244
0.038144138
-0.010336938
0.7867361
0.8125253
0.18645309
0.21983743
-0.1071304
0.13481101
-0.060586575
-0.0037047102
0.097408004
0.025469266
-0.10080888
-0.28389177
-0.035628784
0.060859542
-0.025312835
-0.074425116
0.03416628
0.056231778
0.11029963
-0.26493722
0.073025934
0.009182981
0.17995445
0.6731365
0.40758866
-0.061906632
-0.021855632
-0.094029926
-0.036824863
0.3562714
0.05677212
-0.14604549
0.18225928
0.09244369
0.15330255
0.012746348
0.25622302
0.061247557
0.046635643
-0.16492704
0.120892964
-0.17872252
0.13851918
-0.010942571
0.017197683
0.14959796
-0.058172937
0.081934914
-0.11598538
0.33041865
-0.098735556
-0.017689507
-0.04051042
0.2571303
0.06968518
-0.23109455
-0.10992877
-0.07352371
-0.10451533
-0.2404931
-0.053563744
0.10851909
0.051020972
0.04497491
0.07585135
0.09834415
0.7928335
-0.05458312
-0.26826945
0.06946495
-0.090346076
-0.005114362
-0.04746683
-0.08665467
-0.050251372
0.024011945
0.12712109
0.056323122
-0.09041782
-0.023837771
-0.034632318
-0.09482806
-0.0052727093
-0.13864367
-0.074602656
-0.021743927
-0.32875025
0.014399659
-0.012443218
-0.06853075
-0.12687759
-0.17338753
0.03415682
-0.42415917
-0.10746457
-0.072356105
0.14498314
0.10462532
-0.111294985
-0.11901611
-0.16258803
-0.018908821
-0.029749585
0.24468923
0.2073905
0.29531145
-0.091603905
-0.091603905
-0.06001369
-0.056886993
-0.12708159
-0.23512472
-0.022962257
0.046501864
0.023000218
-0.098199636
