-0.40014127
-0.37869167
-0.33014676
-0.32802352
-0.3237674
-0.31708547
-0.3125261
-0.30510384
-0.2991828
-0.2864809
-0.2820021
-0.2582844
-0.2523069
-0.2404931
-0.2404931
-0.23130737
-0.22640224
-0.21502547
-0.20457654
-0.19979596
-0.19915845
-0.1916088
-0.1916088
-0.18918289
-0.18645588
-0.18585996
-0.18413383
-0.18285532
-0.18002512
-0.17811383
-0.16990662
-0.1696489
-0.16731386
-0.1649605
-0.15827237
-0.15682293
-0.15576324
-0.15354776
-0.14800262
-0.14036214
-0.14029545
-0.13990779
-0.1346358
-0.13161267
-0.13074827
-0.13000682
-0.1277821
-0.12708159
-0.12708159
-0.12681466
-0.12622117
-0.12323264
-0.12275984
-0.121684626
-0.121503375
-0.11768326
-0.11117594
-0.10971763
-0.10687995
-0.10479206
-0.104070656
-0.103745595
-0.10313618
-0.101991616
-0.101704285
-0.10032496
-0.10026908
-0.09933914
-0.098735556
-0.098735556
-0.098735556
-0.098735556
-0.098735556
-0.09734287
-0.09727962
-0.09475882
-0.09185152
-0.09007787
-0.08605499
-0.083521254
-0.082736865
-0.08254562
-0.08117553
-0.0787226
-0.07817191
-0.07809191
-0.077578045
-0.07605108
-0.07438933
-0.072006926
-0.06865468
-0.06729749
-0.06674621
-0.06650637
-0.065773174
-0.06561667
-0.065306045
-0.062912315
-0.062878266
-0.0597027
-0.05969789
-0.059233032
-0.058366016
-0.057575732
-0.055020392
-0.05344329
-0.053372663
-0.051258847
-0.047470454
-0.0460108
-0.04436487
-0.0423684
-0.040194064
-0.039922357
-0.037630618
-0.03607359
-0.03261735
-0.031780038
-0.031615425
-0.030773534
-0.029279923
-0.028156852
-0.02686145
-0.026843105
-0.02682748
-0.026043849
-0.025660513
-0.023840316
-0.023781754
-0.022569587
-0.020679185
-0.020674882
-0.02012438
-0.019107807
-0.018201482
-0.017932963
-0.01736091
-0.016179986
-0.016077409
-0.014785153
-0.014454634
-0.014134881
-0.014134881
-0.012644947
-0.01158932
-0.010802607
-0.01055201
-0.010263398
-0.008096038
-0.0077151884
-0.0069227535
-0.0064907507
-0.0062624426
-0.0057096025
-0.005019865
-0.0048507256
-0.0038137962
-0.0038137962
-0.0028850292
-0.0010738983
-0.00057621324
0.0012657364
0.0015244188
0.0029088599
0.0029189384
0.0036812993
0.0057537965
0.006213498
0.0065570264
0.007516234
0.008063354
0.0083992975
0.008538412
0.009599564
0.009692243
0.010504909
0.01056344
0.0117919585
0.011808414
0.012509547
0.012775013
0.014257578
0.015350748
0.015763804
0.01652973
0.016795719
0.016959827
0.021591181
0.021985544
0.022293089
0.02231049
0.022777272
0.02474486
0.02494394
0.025175888
0.02622209
0.027974201
0.030583141
0.030950148
0.03167261
0.03720751
0.037477113
0.037477113
0.037477113
0.037477113
0.037477113
0.038814045
0.03917536
0.039704133
0.040079117
0.040079117
0.04141806
0.04180489
0.043730497
0.04642549
0.046694268
0.04882384
0.0493322
0.049625684
0.050261054
0.05288886
0.05299765
0.053481407
0.054335624
0.054442413
0.055001818
0.05561098
0.055784985
0.057123654
0.05975728
0.060975425
0.063139796
0.06469998
0.06682036
0.067414775
0.06806772
0.06908277
0.074169755
0.07431862
0.07770772
0.082643814
0.08441598
0.08466614
0.08693241
0.0878704
0.09016574
0.09025013
0.09128875
0.09182563
0.092276916
0.094977774
0.09535504
0.09557828
0.09682413
0.098547
0.09860583
0.09968256
0.104302526
0.10851909
0.10851909
0.10851909
0.11080213
0.11141799
0.11141799
0.11141799
0.112214655
0.11239259
0.11533274
0.116952375
0.116952375
0.11849959
0.11872517
0.12249076
0.12334499
0.12981714
0.13054729
0.1309255
0.13336001
0.1346285
0.13732328
0.13822809
0.13878469
0.14263591
0.14263591
0.14330988
0.14374599
0.14510277
0.14649816
0.14792804
0.149445
0.14978434
0.15020375
0.15020375
0.15101863
0.15119764
0.15129425
0.15962933
0.16794594
0.17239124
0.17239124
0.17242001
0.17565201
0.1776349
0.18897715
0.19243202
0.19447802
0.1967312
0.1984644
0.20147474
0.20499668
0.207737
0.20830083
0.21071629
0.21139137
0.21154997
0.21164508
0.22209607
0.22338058
0.22549549
0.22780943
0.23139867
0.23478395
0.23530498
0.23548622
0.2419387
0.25106683
0.2531177
0.25622302
0.2563187
0.264304
0.264304
0.2671465
0.28375527
0.29883575
0.319223
0.33041865
0.33450854
0.34091878
0.34711117
0.4000985
0.46173093
0.48072714
0.49605057
0.5332545
0.56308043
0.7928335
