-0.50903124
-0.33273295
-0.31708547
-0.30510384
-0.2650037
-0.26493722
-0.25013295
-0.21995594
-0.20243868
-0.19863197
-0.1841454
-0.17560448
-0.17559786
-0.17177558
-0.16492704
-0.14900565
-0.12858197
-0.12708159
-0.11933227
-0.1078642
-0.105152324
-0.09699326
-0.09439484
-0.08227033
-0.0787226
-0.076388694
-0.068980224
-0.06650637
-0.064968616
-0.06184132
-0.04942155
-0.045227442
-0.04421365
-0.03677384
-0.03261735
-0.031780038
-0.031780038
-0.029784422
-0.024019923
-0.023329139
-0.022356257
-0.021685243
-0.019547941
-0.015983857
-0.014134881
-0.010942571
-0.006907163
-0.004154958
-0.002759314
0.0022229082
0.0024067955
0.007516234
0.011291232
0.014918044
0.015328308
0.0167263
0.024558032
0.025678042
0.029141823
0.030283991
0.030806277
0.0327292
0.037477113
0.03902954
0.053827073
0.06205556
0.06474274
0.06888344
0.07115519
0.07245491
0.073025934
0.07431862
0.07742591
0.08625637
0.08625637
0.09174291
0.09244369
0.096332744
0.11141799
0.112214655
0.115407325
0.1155759
0.11672548
0.12007066
0.12051471
0.12051471
0.120892964
0.120892964
0.121777296
0.1405138
0.14111404
0.14792804
0.1584565
0.15925844
0.16727959
0.17105085
0.17239124
0.17521618
0.17683908
0.18225928
0.19569467
0.23204274
0.23420286
0.26460052
0.26624563
0.27548602
0.31054175
0.38014746
0.6949516
