-0.3700617
-0.2991828
-0.27407315
-0.26704732
-0.23463893
-0.23282154
-0.22330105
-0.21967329
-0.20457053
-0.19337459
-0.19302624
-0.1886377
-0.18703829
-0.18049829
-0.14590763
-0.1381612
-0.1381612
-0.1381612
-0.09699326
-0.09699326
-0.09373929
-0.08784573
-0.077633165
-0.072438836
-0.062445343
-0.06202826
-0.05511839
-0.052740596
-0.051088754
-0.04510607
-0.040892962
-0.036199052
-0.029774342
-0.027463948
-0.02528767
-0.021751607
-0.017727615
-0.013972973
-0.012356632
-0.010942571
-0.010454507
-0.009293194
-0.006817472
-0.0014039907
0.0010504667
0.0022899506
0.0022899506
0.0025374987
0.0036566972
0.02739614
0.02739614
0.03454133
0.037477113
0.03926357
0.042672172
0.048666175
0.049376242
0.049415216
0.079821885
0.08638994
0.09366409
0.09380152
0.09568423
0.10598245
0.10598245
0.12037116
0.12996781
0.1343812
0.14008354
0.14605942
0.15208691
0.15208691
0.15457495
0.16081066
0.16313802
0.17239124
0.17242001
0.19215398
0.19379885
0.22549549
0.23306149
0.23478395
0.26189008
0.26460052
0.27548602
0.2853636
0.29075024
0.34204048
0.35404432
0.3647468
0.4000985
0.474478
0.48944622
0.8624745
